{
 "cells": [
  {
   "cell_type": "markdown",
   "id": "74f9d62c",
   "metadata": {},
   "source": [
    "# Generating Random Correlation Matrices\n",
    "## Marseille, June 14: Notebook for Lecture 4"
   ]
  },
  {
   "cell_type": "code",
   "execution_count": 18,
   "id": "e86c1aed-c9cf-47a8-887d-226f3552dcb8",
   "metadata": {},
   "outputs": [],
   "source": [
    "#import Pkg; Pkg.add(\"Latexify\")\n",
    "using LinearAlgebra\n",
    "using Latexify\n",
    "using Random\n",
    "using Distributions\n",
    "using Random"
   ]
  },
  {
   "cell_type": "markdown",
   "id": "864e3f92-251e-4825-940b-369f346b38c8",
   "metadata": {},
   "source": [
    "## Part A. Naive Method: Random $C_{ij}\\in (-1,1)$, reject if $\\lambda_{\\min}(C)<0$."
   ]
  },
  {
   "cell_type": "code",
   "execution_count": 19,
   "id": "4ddeafe1-507f-4535-99eb-ae207a9abea5",
   "metadata": {},
   "outputs": [
    {
     "data": {
      "text/plain": [
       "RandomCorrMatrixUniform (generic function with 1 method)"
      ]
     },
     "execution_count": 19,
     "metadata": {},
     "output_type": "execute_result"
    }
   ],
   "source": [
    "# Create candidate correlation matrix, C\n",
    "# Elements are uniformly distributed on [-1,1]\n",
    "function RandomCorrMatrixUniform(n)\n",
    "    C = Symmetric(ones(n,n))\n",
    "    m = 0\n",
    "    while eigmin(C) <= 0\n",
    "        for i = 1:n-1                           \n",
    "            for j = i+1:n\n",
    "                    C.data[i,j] = (2*rand(1) .- 1.0)[1]\n",
    "            end\n",
    "        end\n",
    "        m += 1\n",
    "    end  \n",
    "    return m, C\n",
    "end"
   ]
  },
  {
   "cell_type": "code",
   "execution_count": 20,
   "id": "dac183c7-2cc6-4ef8-8160-a132a19c727c",
   "metadata": {},
   "outputs": [
    {
     "name": "stdout",
     "output_type": "stream",
     "text": [
      "n = 3. Success with m'th C, where m = 1"
     ]
    },
    {
     "data": {
      "text/latex": [
       "\\begin{equation}\n",
       "\\left[\n",
       "\\begin{array}{ccc}\n",
       "1 & -0.384 & -0.873 \\\\\n",
       "-0.384 & 1 & 0.653 \\\\\n",
       "-0.873 & 0.653 & 1 \\\\\n",
       "\\end{array}\n",
       "\\right]\n",
       "\\end{equation}\n"
      ],
      "text/plain": [
       "L\"\\begin{equation}\n",
       "\\left[\n",
       "\\begin{array}{ccc}\n",
       "1 & -0.384 & -0.873 \\\\\n",
       "-0.384 & 1 & 0.653 \\\\\n",
       "-0.873 & 0.653 & 1 \\\\\n",
       "\\end{array}\n",
       "\\right]\n",
       "\\end{equation}\n",
       "\""
      ]
     },
     "execution_count": 20,
     "metadata": {},
     "output_type": "execute_result"
    }
   ],
   "source": [
    "n = 3\n",
    "(m,C) = RandomCorrMatrixUniform(n)\n",
    "print(\"n = $(n). Success with m'th C, where m = $(m)\")\n",
    "latexify(C;  fmt = \"%.3g\")"
   ]
  },
  {
   "cell_type": "code",
   "execution_count": 21,
   "id": "a896cb07-2a71-4183-8043-92786342255a",
   "metadata": {},
   "outputs": [
    {
     "name": "stdout",
     "output_type": "stream",
     "text": [
      "n = 4. Success with m'th C, where m = 1"
     ]
    },
    {
     "data": {
      "text/latex": [
       "\\begin{equation}\n",
       "\\left[\n",
       "\\begin{array}{cccc}\n",
       "1 & 0.267 & 0.26 & 0.646 \\\\\n",
       "0.267 & 1 & 0.386 & 0.07 \\\\\n",
       "0.26 & 0.386 & 1 & 0.275 \\\\\n",
       "0.646 & 0.07 & 0.275 & 1 \\\\\n",
       "\\end{array}\n",
       "\\right]\n",
       "\\end{equation}\n"
      ],
      "text/plain": [
       "L\"\\begin{equation}\n",
       "\\left[\n",
       "\\begin{array}{cccc}\n",
       "1 & 0.267 & 0.26 & 0.646 \\\\\n",
       "0.267 & 1 & 0.386 & 0.07 \\\\\n",
       "0.26 & 0.386 & 1 & 0.275 \\\\\n",
       "0.646 & 0.07 & 0.275 & 1 \\\\\n",
       "\\end{array}\n",
       "\\right]\n",
       "\\end{equation}\n",
       "\""
      ]
     },
     "execution_count": 21,
     "metadata": {},
     "output_type": "execute_result"
    }
   ],
   "source": [
    "n = 4\n",
    "(m,C) = RandomCorrMatrixUniform(n)\n",
    "print(\"n = $(n). Success with m'th C, where m = $(m)\")\n",
    "latexify(C;  fmt = \"%.3g\")"
   ]
  },
  {
   "cell_type": "code",
   "execution_count": 22,
   "id": "1a4d7036-b4de-41c1-a76a-7493c603b59f",
   "metadata": {},
   "outputs": [
    {
     "name": "stdout",
     "output_type": "stream",
     "text": [
      "n = 5. Success with m'th C, where m = 18"
     ]
    },
    {
     "data": {
      "text/latex": [
       "\\begin{equation}\n",
       "\\left[\n",
       "\\begin{array}{ccccc}\n",
       "1 & -0.0504 & 0.805 & 0.467 & -0.149 \\\\\n",
       "-0.0504 & 1 & 0.311 & 0.555 & -0.14 \\\\\n",
       "0.805 & 0.311 & 1 & 0.8 & -0.263 \\\\\n",
       "0.467 & 0.555 & 0.8 & 1 & -0.262 \\\\\n",
       "-0.149 & -0.14 & -0.263 & -0.262 & 1 \\\\\n",
       "\\end{array}\n",
       "\\right]\n",
       "\\end{equation}\n"
      ],
      "text/plain": [
       "L\"\\begin{equation}\n",
       "\\left[\n",
       "\\begin{array}{ccccc}\n",
       "1 & -0.0504 & 0.805 & 0.467 & -0.149 \\\\\n",
       "-0.0504 & 1 & 0.311 & 0.555 & -0.14 \\\\\n",
       "0.805 & 0.311 & 1 & 0.8 & -0.263 \\\\\n",
       "0.467 & 0.555 & 0.8 & 1 & -0.262 \\\\\n",
       "-0.149 & -0.14 & -0.263 & -0.262 & 1 \\\\\n",
       "\\end{array}\n",
       "\\right]\n",
       "\\end{equation}\n",
       "\""
      ]
     },
     "execution_count": 22,
     "metadata": {},
     "output_type": "execute_result"
    }
   ],
   "source": [
    "n = 5\n",
    "(m,C) = RandomCorrMatrixUniform(n)\n",
    "print(\"n = $(n). Success with m'th C, where m = $(m)\")\n",
    "latexify(C;  fmt = \"%.3g\")"
   ]
  },
  {
   "cell_type": "markdown",
   "id": "9262061d-42ec-4596-9d87-3a84daa1ee8c",
   "metadata": {},
   "source": [
    "## How about larger $n$"
   ]
  },
  {
   "cell_type": "code",
   "execution_count": 23,
   "id": "7275c175-23d0-43a0-bc97-c687fe65677e",
   "metadata": {},
   "outputs": [
    {
     "name": "stdout",
     "output_type": "stream",
     "text": [
      "Success with m'th C, where m = 3292"
     ]
    },
    {
     "data": {
      "text/latex": [
       "\\begin{equation}\n",
       "\\left[\n",
       "\\begin{array}{cccccc}\n",
       "1 & 0.13 & -0.343 & 0.519 & -0.419 & -0.444 \\\\\n",
       "0.13 & 1 & -0.478 & -0.726 & -0.713 & 0.0823 \\\\\n",
       "-0.343 & -0.478 & 1 & 0.0915 & 0.664 & -0.409 \\\\\n",
       "0.519 & -0.726 & 0.0915 & 1 & 0.342 & -0.269 \\\\\n",
       "-0.419 & -0.713 & 0.664 & 0.342 & 1 & -0.391 \\\\\n",
       "-0.444 & 0.0823 & -0.409 & -0.269 & -0.391 & 1 \\\\\n",
       "\\end{array}\n",
       "\\right]\n",
       "\\end{equation}\n"
      ],
      "text/plain": [
       "L\"\\begin{equation}\n",
       "\\left[\n",
       "\\begin{array}{cccccc}\n",
       "1 & 0.13 & -0.343 & 0.519 & -0.419 & -0.444 \\\\\n",
       "0.13 & 1 & -0.478 & -0.726 & -0.713 & 0.0823 \\\\\n",
       "-0.343 & -0.478 & 1 & 0.0915 & 0.664 & -0.409 \\\\\n",
       "0.519 & -0.726 & 0.0915 & 1 & 0.342 & -0.269 \\\\\n",
       "-0.419 & -0.713 & 0.664 & 0.342 & 1 & -0.391 \\\\\n",
       "-0.444 & 0.0823 & -0.409 & -0.269 & -0.391 & 1 \\\\\n",
       "\\end{array}\n",
       "\\right]\n",
       "\\end{equation}\n",
       "\""
      ]
     },
     "execution_count": 23,
     "metadata": {},
     "output_type": "execute_result"
    }
   ],
   "source": [
    "n = 6\n",
    "(m,C) = RandomCorrMatrixUniform(n)\n",
    "print(\"Success with m'th C, where m = $(m)\")\n",
    "latexify(C;  fmt = \"%.3g\")"
   ]
  },
  {
   "cell_type": "code",
   "execution_count": 24,
   "id": "5ff3345c-04e3-4fc3-9281-b473a9753e30",
   "metadata": {},
   "outputs": [
    {
     "name": "stdout",
     "output_type": "stream",
     "text": [
      "Success with m'th C, where m = 7576"
     ]
    },
    {
     "data": {
      "text/latex": [
       "\\begin{equation}\n",
       "\\left[\n",
       "\\begin{array}{ccccccc}\n",
       "1 & 0.172 & -0.0735 & 0.409 & -0.332 & -0.138 & -0.287 \\\\\n",
       "0.172 & 1 & 0.793 & 0.148 & -0.282 & 0.213 & -0.217 \\\\\n",
       "-0.0735 & 0.793 & 1 & 0.144 & 0.00112 & 0.244 & -0.264 \\\\\n",
       "0.409 & 0.148 & 0.144 & 1 & 0.0723 & -0.0871 & -0.967 \\\\\n",
       "-0.332 & -0.282 & 0.00112 & 0.0723 & 1 & -0.656 & -0.235 \\\\\n",
       "-0.138 & 0.213 & 0.244 & -0.0871 & -0.656 & 1 & 0.199 \\\\\n",
       "-0.287 & -0.217 & -0.264 & -0.967 & -0.235 & 0.199 & 1 \\\\\n",
       "\\end{array}\n",
       "\\right]\n",
       "\\end{equation}\n"
      ],
      "text/plain": [
       "L\"\\begin{equation}\n",
       "\\left[\n",
       "\\begin{array}{ccccccc}\n",
       "1 & 0.172 & -0.0735 & 0.409 & -0.332 & -0.138 & -0.287 \\\\\n",
       "0.172 & 1 & 0.793 & 0.148 & -0.282 & 0.213 & -0.217 \\\\\n",
       "-0.0735 & 0.793 & 1 & 0.144 & 0.00112 & 0.244 & -0.264 \\\\\n",
       "0.409 & 0.148 & 0.144 & 1 & 0.0723 & -0.0871 & -0.967 \\\\\n",
       "-0.332 & -0.282 & 0.00112 & 0.0723 & 1 & -0.656 & -0.235 \\\\\n",
       "-0.138 & 0.213 & 0.244 & -0.0871 & -0.656 & 1 & 0.199 \\\\\n",
       "-0.287 & -0.217 & -0.264 & -0.967 & -0.235 & 0.199 & 1 \\\\\n",
       "\\end{array}\n",
       "\\right]\n",
       "\\end{equation}\n",
       "\""
      ]
     },
     "execution_count": 24,
     "metadata": {},
     "output_type": "execute_result"
    }
   ],
   "source": [
    "n = 7\n",
    "(m,C) = RandomCorrMatrixUniform(n)\n",
    "print(\"Success with m'th C, where m = $(m)\")\n",
    "latexify(C;  fmt = \"%.3g\")"
   ]
  },
  {
   "cell_type": "markdown",
   "id": "8fc3ece7-c1ef-447d-ba6f-40b5e09a6f90",
   "metadata": {},
   "source": [
    "## Part B. Much smarter ways to do this\n",
    "E.g. Beta-distributed Partial Correlations: Joe (2006)."
   ]
  },
  {
   "cell_type": "markdown",
   "id": "ed41dd22-3aa9-41bd-af6a-dabe53acd83b",
   "metadata": {},
   "source": [
    "## Generating Random Correlation Matrices with New Method"
   ]
  },
  {
   "cell_type": "code",
   "execution_count": 25,
   "id": "0c9b79c2-cef1-469f-b1e3-21aa2ffc7250",
   "metadata": {},
   "outputs": [
    {
     "data": {
      "text/plain": [
       "GFT (generic function with 2 methods)"
      ]
     },
     "execution_count": 25,
     "metadata": {},
     "output_type": "execute_result"
    }
   ],
   "source": [
    "# inverse operator. dim(g)=dx1 where d must equal n(n-1)/2 for some integer n\n",
    "function veclInv(g)\n",
    "    d = size(g,1)\n",
    "    n = convert(Int64,0.5*(1+sqrt(1+8*d)))\n",
    "    G = Symmetric(zeros(n,n))\n",
    "    l = 0\n",
    "    for i = 1:n-1, j = i+1:n\n",
    "        @inbounds G.data[i,j] = g[l +=1]\n",
    "    end\n",
    "    return G\n",
    "end\n",
    "function GFTstep!(G,Δx)   # the \"!\" is important for speed. So is \".\" in code below. Modifying memory\n",
    "    Δx .= log.(diag(exp(G)))\n",
    "    for i∈1:length(Δx)\n",
    "        G[i,i] -= Δx[i]   # update diagonal elements\n",
    "    end\n",
    "end\n",
    "function GFT(G, ϵ::Float64 = 1e-10)\n",
    "    n = size(G,1)\n",
    "    δ = Inf; N = -1; Δx = ones(n,1)   # initialize\n",
    "    while δ > sqrt(n)*ϵ\n",
    "        GFTstep!(G,Δx)                # GFTstep updated diagonal of A, the\n",
    "        δ = norm(Δx)                  # convergence is defined by δ\n",
    "        N = N + 1\n",
    "    end\n",
    "    return Symmetric(exp(G)),N\n",
    "end"
   ]
  },
  {
   "cell_type": "code",
   "execution_count": 26,
   "id": "2f8cd2b3-a631-4699-8a44-9c37a865bb2c",
   "metadata": {},
   "outputs": [
    {
     "data": {
      "text/plain": [
       "100×100 Symmetric{Float64, Matrix{Float64}}:\n",
       "  0.0        -0.107013     0.357396    …  -0.0577003   -0.0763441\n",
       " -0.107013    0.0         -0.0527849      -0.277116    -0.00630679\n",
       "  0.357396   -0.0527849    0.0             0.1904       0.00193311\n",
       " -0.119382   -0.0796809    0.195065       -0.00867769  -0.0154898\n",
       "  0.152728   -0.0859251   -0.1412         -0.0493227   -0.0685003\n",
       "  0.10027     0.106715    -0.0368031   …   0.00284481  -0.0991541\n",
       " -0.25225     0.00995981  -0.378896       -0.136909     0.0837861\n",
       " -0.130717    0.0342133    0.161493       -0.101831     0.0235038\n",
       " -0.174584   -0.0536571    0.014514       -0.257285     0.202816\n",
       "  0.0474813   0.0974556   -0.0477168       0.388543    -0.0374466\n",
       " -0.0650361   0.0413472   -0.179543    …  -0.0711081    0.0462946\n",
       " -0.0656245   0.0740081   -0.318847        0.180336    -0.233341\n",
       "  0.0946604  -0.0524486   -0.0233963      -0.073885     0.100182\n",
       "  ⋮                                    ⋱               \n",
       "  0.0310587   0.117461    -0.0421317       0.193038    -0.0587257\n",
       "  0.0142538  -0.021249    -0.143126        0.0414401    0.095111\n",
       "  0.210497   -0.00521202   0.179528    …   0.143557     0.0343554\n",
       " -0.0315494  -0.10319      0.12749         0.0683604   -0.0710044\n",
       "  0.0440128  -0.027989    -0.0719017       0.0626649    0.169182\n",
       "  0.194307   -0.230945     0.0389968      -0.1321       0.310698\n",
       "  0.265592    0.175268    -0.171399       -0.00693449  -0.121012\n",
       "  0.180612    0.0385238   -0.0425283   …   0.255364    -0.093655\n",
       "  0.0138518  -0.0512548    0.0821491      -0.10064     -0.0653548\n",
       " -0.272224    0.300153     0.0123981      -0.0559404    0.143987\n",
       " -0.0577003  -0.277116     0.1904          0.0          0.171093\n",
       " -0.0763441  -0.00630679   0.00193311      0.171093     0.0"
      ]
     },
     "execution_count": 26,
     "metadata": {},
     "output_type": "execute_result"
    }
   ],
   "source": [
    "n = 100\n",
    "d = convert(Int64,n*(n-1)/2)\n",
    "G = veclInv(randn(d,1)/sqrt(n/2))"
   ]
  },
  {
   "cell_type": "code",
   "execution_count": 27,
   "id": "c0ef8653-5345-4647-baca-0ce3ae29726e",
   "metadata": {},
   "outputs": [
    {
     "data": {
      "text/latex": [
       "\\begin{equation}\n",
       "\\left[\n",
       "\\begin{array}{cccccccccccccccccccccccccccccccccccccccccccccccccccccccccccccccccccccccccccccccccccccccccccccccccccc}\n",
       "1 & -0.0397 & 0.183 & -0.0799 & 0.0839 & 0.13 & -0.165 & -0.0526 & -0.167 & 0.103 & -0.111 & -0.102 & 0.184 & -0.169 & 0.0398 & 0.176 & 0.19 & 0.00253 & 0.0707 & 0.0251 & -0.106 & 0.126 & 0.0494 & -0.069 & 0.112 & -0.149 & -0.188 & 0.163 & 0.0277 & -0.0372 & -0.0426 & -0.0924 & -0.13 & -0.174 & -0.0922 & -0.0898 & -0.128 & -0.0496 & -0.113 & 0.181 & -0.0627 & 0.0485 & -0.151 & 0.0148 & -0.14 & 0.0962 & 0.134 & 0.0368 & -0.223 & 0.0077 & 0.0558 & 0.0951 & 0.17 & 0.107 & -0.0503 & 0.0286 & 0.0745 & -0.132 & -0.252 & -0.164 & 0.182 & -0.0889 & -0.138 & 0.078 & 0.101 & 0.103 & -0.0155 & 0.0908 & 0.185 & 0.223 & 0.103 & -0.222 & -0.157 & -0.146 & -0.0624 & -0.0329 & -0.0286 & 0.000317 & 0.0337 & -0.193 & -0.0474 & 0.0499 & 0.048 & -0.0723 & 0.209 & 0.248 & -0.363 & 0.149 & 0.0602 & 0.0161 & 0.0853 & -0.125 & 0.0938 & 0.0908 & 0.174 & 0.233 & 0.0352 & -0.0703 & 0.138 & 0.0272 \\\\\n",
       "-0.0397 & 1 & -0.195 & -0.138 & 0.0183 & 0.124 & 0.0842 & 0.0113 & -0.00763 & 0.0143 & 0.0442 & -0.056 & 0.0444 & 0.237 & 0.0694 & -0.0792 & 0.0267 & -0.0468 & 0.11 & -0.0643 & 0.00439 & 0.133 & -0.0551 & 0.242 & 0.155 & -0.0658 & 0.11 & 0.152 & -0.00774 & 0.126 & 0.1 & -0.246 & 0.0707 & -0.156 & 0.033 & -0.165 & -0.109 & -0.11 & 0.191 & -0.0652 & -0.0134 & -0.0364 & 0.035 & 0.0249 & -0.0617 & -0.0865 & -0.0248 & 0.132 & -0.0673 & 0.0261 & 0.113 & 0.0515 & 0.0553 & 0.0128 & 0.163 & 0.157 & 0.128 & 0.0957 & -0.267 & 0.0273 & 0.122 & 0.17 & -0.148 & 0.0683 & 0.139 & -0.0592 & 0.0586 & 0.285 & 0.0611 & 0.175 & -0.0535 & 0.0987 & -0.161 & -0.153 & -0.135 & -0.0615 & -0.108 & 0.0524 & 0.0785 & -0.0452 & -0.149 & -0.00335 & 0.172 & 0.0751 & 0.1 & 0.00533 & -0.123 & 0.121 & 0.0948 & 0.0126 & -0.0322 & -0.0799 & 0.0459 & -0.172 & 0.168 & 0.136 & -0.17 & 0.213 & -0.214 & 0.0154 \\\\\n",
       "0.183 & -0.195 & 1 & 0.0719 & -0.122 & -0.136 & -0.353 & 0.0739 & -0.0596 & -0.038 & -0.121 & -0.248 & -0.0982 & -0.299 & -0.0402 & 0.121 & 0.185 & -0.0899 & -0.0176 & -0.189 & -0.188 & -0.131 & 0.176 & -0.147 & -0.0692 & 0.176 & -0.166 & -0.228 & -0.00764 & 0.053 & -0.00852 & -0.188 & -0.0578 & 0.0175 & 0.0031 & -0.0117 & -0.0204 & 0.227 & 0.0192 & 0.115 & 0.113 & 0.101 & 0.0334 & -0.0143 & 0.0299 & -0.038 & 0.128 & 0.042 & -0.148 & -0.256 & -0.127 & 0.0926 & -0.199 & 0.0431 & -0.123 & 0.0553 & 0.0109 & 0.0539 & 0.0621 & -0.178 & -0.08 & -0.0956 & 0.153 & -0.00692 & 0.0905 & 0.17 & 0.192 & -0.173 & -0.166 & -0.124 & -0.118 & -0.0468 & 0.216 & -0.116 & -0.00161 & 0.173 & 0.0626 & 0.0862 & -0.105 & -0.0365 & 0.0682 & 0.209 & -0.258 & 0.00524 & -0.0639 & 0.114 & 0.242 & 0.0318 & 0.0439 & -0.0976 & -0.0334 & 0.0603 & -0.0729 & 0.0016 & -0.168 & -0.0428 & 0.0993 & -0.0289 & 0.162 & -0.0883 \\\\\n",
       "-0.0799 & -0.138 & 0.0719 & 1 & 0.0746 & -0.0709 & -0.15 & -0.153 & 0.0196 & -0.0729 & 0.176 & -0.00454 & -0.207 & -0.0944 & -0.0876 & -0.0472 & -0.0544 & -0.0854 & -0.0828 & -0.107 & 0.111 & 0.11 & -0.328 & 0.0488 & -0.0466 & -0.0175 & -0.035 & 0.179 & 0.0829 & -0.32 & -0.0852 & -0.0452 & 0.0435 & 0.0119 & 0.0125 & 0.145 & 0.125 & 0.2 & 0.158 & -0.182 & -0.108 & -0.0295 & 0.0224 & -0.0328 & 0.274 & 0.00829 & 0.113 & -0.189 & 0.0503 & 0.0171 & -0.00416 & -0.137 & 0.144 & -0.0607 & 0.0124 & -0.131 & 0.124 & -0.0431 & 0.0827 & -0.0487 & -0.094 & -0.186 & 0.291 & -0.271 & 0.0113 & -0.125 & -0.119 & 0.0415 & -0.0241 & -0.262 & 0.0379 & 0.0837 & 0.00576 & 0.037 & 0.305 & 0.0484 & 0.083 & -0.0526 & 0.0154 & 0.0463 & 0.118 & -0.133 & -0.142 & -0.0113 & -0.189 & -0.0575 & 0.123 & -0.0668 & -0.0691 & -0.0568 & 0.0242 & 0.0194 & 0.0554 & -0.041 & -0.0011 & -0.11 & 0.0151 & 0.0405 & 0.0622 & -0.0342 \\\\\n",
       "0.0839 & 0.0183 & -0.122 & 0.0746 & 1 & -0.0808 & 0.0499 & 0.11 & -0.139 & -0.0342 & 0.308 & -0.241 & 0.093 & 0.172 & 0.0814 & -0.136 & 0.00454 & 0.116 & -0.156 & 0.275 & 0.084 & 0.12 & -0.11 & 0.224 & -0.0321 & -0.284 & 0.187 & 0.108 & 0.267 & -0.0508 & 0.202 & 0.00779 & 0.15 & 0.000127 & 0.0927 & -0.185 & 0.0513 & 0.0178 & -0.062 & 0.0544 & -0.0496 & -0.141 & 0.0138 & 0.195 & -0.0828 & -0.0426 & -0.125 & -0.206 & 0.211 & 0.137 & 0.0643 & -0.165 & -0.124 & 0.213 & -0.0527 & 0.0795 & -0.00119 & -0.169 & 0.103 & -0.105 & 0.199 & 0.0923 & 0.276 & 0.0907 & -0.0472 & -0.0138 & -0.129 & 0.207 & 0.0511 & 0.155 & 0.00165 & -0.142 & 0.104 & -0.328 & 0.163 & 0.0342 & 0.0256 & -0.0402 & 0.181 & -0.0349 & 0.0375 & -0.276 & 0.185 & -0.0602 & -0.0287 & -0.0117 & -0.0931 & -0.0577 & 0.129 & -0.14 & 0.153 & 0.0767 & -0.0751 & -0.161 & -0.0948 & 0.0183 & -0.0939 & -0.0972 & -0.102 & -0.0527 \\\\\n",
       "0.13 & 0.124 & -0.136 & -0.0709 & -0.0808 & 1 & 0.0357 & -0.0478 & -0.024 & -0.0022 & 0.0618 & 0.0707 & 0.105 & -0.119 & -0.0682 & -0.0281 & -0.0643 & 0.0542 & 0.122 & 0.111 & 0.26 & 0.106 & 0.0898 & 0.145 & -0.243 & -0.193 & -0.229 & 0.242 & -0.0545 & 0.0189 & 0.0559 & 0.0871 & 0.0377 & 0.0462 & 0.153 & -0.0575 & -0.158 & 0.0101 & -0.209 & -0.0734 & 0.0944 & 0.0138 & -0.261 & -0.133 & 0.0673 & 0.143 & 0.12 & -0.178 & 0.262 & 0.0703 & 0.0867 & -0.0132 & 0.264 & 0.0927 & 0.00587 & 0.0216 & -0.0804 & 0.00461 & -0.144 & 0.244 & 0.292 & 0.217 & -0.22 & 0.1 & -0.0978 & -0.0323 & -0.122 & 0.255 & 0.152 & 0.0398 & 0.111 & -0.00742 & -0.401 & 0.233 & 0.239 & -0.0708 & -0.0466 & 0.165 & -0.0582 & -0.132 & -0.08 & -0.0598 & 0.018 & -0.0332 & 0.209 & -0.0566 & 0.0178 & -0.13 & 0.0752 & 0.122 & 0.347 & 0.103 & -0.0703 & 0.139 & 0.0327 & 0.097 & 0.0219 & 0.13 & 0.0299 & -0.114 \\\\\n",
       "-0.165 & 0.0842 & -0.353 & -0.15 & 0.0499 & 0.0357 & 1 & 0.0103 & -0.114 & -0.12 & -0.0836 & 0.0402 & 0.119 & 0.392 & -0.0174 & -0.234 & 0.0361 & 0.0822 & -0.101 & 0.179 & -0.00368 & -0.0515 & -0.0972 & -0.125 & 0.142 & -0.164 & 0.135 & 0.0762 & 0.113 & 0.11 & 0.127 & 0.0776 & 0.0528 & 0.0393 & -0.2 & 0.161 & -0.0591 & -0.147 & -0.0231 & -0.124 & -0.0273 & 0.0571 & -0.177 & -0.0131 & -0.141 & -0.182 & -0.0634 & 0.118 & 0.137 & -0.0633 & 0.211 & 0.163 & 0.119 & 0.0911 & -0.0521 & -0.162 & -0.12 & -0.122 & 0.0241 & 0.106 & 0.0509 & 0.0748 & -0.112 & 0.0222 & -0.185 & 0.06 & -0.0766 & 0.0396 & -0.0745 & 0.32 & 0.204 & 0.19 & 0.0942 & 0.00177 & -0.213 & -0.136 & -0.0944 & -0.0635 & 0.0542 & 0.176 & 0.0323 & -0.165 & 0.0647 & 0.0355 & 0.0124 & -0.165 & 0.0283 & -0.093 & -0.0297 & -0.0733 & 0.139 & 0.0734 & 0.0649 & 0.11 & 0.00368 & -0.114 & 0.0356 & -0.0555 & -0.224 & 0.198 \\\\\n",
       "-0.0526 & 0.0113 & 0.0739 & -0.153 & 0.11 & -0.0478 & 0.0103 & 1 & 0.0185 & 0.0613 & 0.0106 & 0.126 & 0.191 & -0.0824 & -0.0682 & 0.0437 & -0.0571 & -0.16 & 0.0161 & 0.0238 & -0.164 & 0.138 & 0.0911 & 0.203 & -0.0821 & 0.036 & 0.0604 & -0.115 & 0.0502 & 0.124 & -0.053 & 0.116 & 0.0863 & -0.0559 & 0.0236 & 0.066 & -0.152 & -0.0942 & -0.203 & -0.0669 & 0.158 & -0.00878 & 0.0738 & 0.0334 & -0.0699 & 0.00575 & -0.255 & 0.078 & -0.142 & 0.138 & -0.122 & -0.0425 & -0.0683 & 0.0648 & 0.0183 & 0.0302 & 0.039 & -0.0593 & 0.0988 & -0.0128 & 0.0592 & -0.00428 & 0.0253 & -0.029 & -0.0345 & -0.173 & 0.0395 & 0.256 & 0.151 & -0.154 & -0.0461 & -0.161 & 0.141 & 0.0868 & 0.0825 & -0.0226 & -0.182 & -0.103 & -0.12 & 0.00568 & 0.145 & 0.156 & -0.0663 & -0.00977 & 0.213 & 0.0573 & 0.00741 & -0.0458 & -0.0754 & 0.0655 & 0.0838 & -0.0449 & 0.0323 & -0.103 & -0.0762 & 0.115 & -0.167 & -0.324 & -0.00789 & 0.00454 \\\\\n",
       "-0.167 & -0.00763 & -0.0596 & 0.0196 & -0.139 & -0.024 & -0.114 & 0.0185 & 1 & 0.0259 & 0.0974 & 0.179 & 0.137 & -0.0695 & -0.0188 & -0.0101 & -0.0968 & -0.104 & 0.23 & 0.0418 & -0.0327 & 0.111 & -0.013 & 0.198 & -0.201 & -0.0535 & 0.106 & 0.17 & 0.0819 & -0.243 & -0.201 & 0.135 & 0.0577 & 0.0426 & 0.113 & 0.0596 & -0.109 & 0.139 & 0.192 & 0.0749 & 0.0544 & 0.128 & -0.000536 & -0.203 & 0.24 & 0.13 & 0.0582 & -0.127 & 0.251 & -0.0796 & -0.18 & -0.026 & 0.11 & -0.126 & 0.0441 & -0.0262 & -0.0437 & -0.0131 & 0.193 & 0.0855 & -0.0934 & -0.0808 & -0.138 & 0.0635 & -0.0132 & -0.249 & -0.0726 & 0.0789 & -0.0956 & -0.168 & -0.234 & 0.151 & -0.00812 & 0.223 & 0.0702 & 0.0256 & -0.0396 & 0.135 & -0.142 & 0.197 & 0.274 & 0.154 & -0.188 & 0.0544 & -0.0525 & -0.288 & 0.0334 & -0.0387 & -0.146 & 0.105 & 0.137 & -0.139 & -0.17 & -0.0434 & -0.0184 & -0.269 & -0.241 & -0.0723 & -0.138 & 0.12 \\\\\n",
       "0.103 & 0.0143 & -0.038 & -0.0729 & -0.0342 & -0.0022 & -0.12 & 0.0613 & 0.0259 & 1 & -0.114 & -0.0845 & 0.0297 & 0.0457 & -0.0972 & 0.249 & -0.153 & -0.226 & 0.141 & -0.105 & 0.0636 & -0.254 & -0.0654 & 0.157 & -0.0184 & -0.00374 & -0.0254 & -0.168 & -0.0171 & -0.108 & 0.218 & 0.0765 & 0.136 & -0.00932 & -0.114 & -0.0375 & 0.0431 & 0.0501 & -0.0233 & -0.134 & -0.0414 & -0.0758 & 0.116 & 0.0532 & -0.289 & 0.0407 & 0.0848 & 0.156 & -0.261 & 0.202 & -0.333 & -0.0472 & 0.118 & 0.0284 & -0.0778 & 0.224 & -0.073 & -0.165 & 0.111 & 0.112 & -0.106 & 0.0883 & -0.19 & -0.193 & 0.131 & 0.11 & -0.145 & -0.0296 & 0.167 & -0.0222 & -0.0801 & -0.0866 & -0.127 & -0.121 & -0.121 & -0.0624 & 0.153 & 0.13 & 0.0882 & -0.308 & -0.219 & -0.0909 & 0.135 & -0.0118 & 0.0242 & 0.11 & -0.177 & -0.0617 & 0.031 & 0.144 & -0.129 & 0.154 & 0.0585 & 0.0887 & -0.0344 & 0.238 & -0.0642 & -0.0651 & 0.387 & 0.0502 \\\\\n",
       "-0.111 & 0.0442 & -0.121 & 0.176 & 0.308 & 0.0618 & -0.0836 & 0.0106 & 0.0974 & -0.114 & 1 & -0.0035 & 0.0123 & -0.0321 & 0.149 & -0.103 & 0.0272 & 0.141 & 0.0793 & 0.246 & 0.173 & 0.0909 & 0.142 & 0.31 & -0.111 & -0.0814 & 0.0588 & 0.0296 & 0.211 & -0.101 & -0.0677 & 0.0454 & -0.00289 & 0.0173 & 0.0447 & -0.129 & 0.0431 & 0.331 & 0.0732 & -0.119 & -0.0673 & 0.0267 & 0.073 & -0.122 & 0.12 & -0.00927 & 0.127 & -0.15 & 0.257 & 0.0959 & -0.00655 & -0.156 & -0.0528 & -0.067 & -0.0917 & -0.137 & -0.0417 & -0.101 & 0.0739 & 0.0199 & 0.0573 & 0.0617 & 0.06 & -0.04 & -0.0576 & -0.142 & 0.0133 & 0.217 & -0.0554 & -0.14 & -0.00147 & -0.0572 & -0.14 & -0.101 & 0.198 & -0.176 & -0.0959 & 0.15 & 0.176 & 0.0422 & 0.293 & 0.0282 & -0.0261 & 0.144 & -0.0632 & -0.0529 & 0.0285 & -0.138 & 0.0235 & -0.0315 & -0.00147 & 0.126 & -0.0154 & -0.0222 & 0.0187 & -0.165 & -0.246 & 0.0866 & -0.098 & -0.0624 \\\\\n",
       "-0.102 & -0.056 & -0.248 & -0.00454 & -0.241 & 0.0707 & 0.0402 & 0.126 & 0.179 & -0.0845 & -0.0035 & 1 & 0.0627 & -0.0389 & -0.212 & -0.106 & -0.192 & -0.161 & 0.0217 & -0.0821 & 0.068 & 0.0401 & 0.0434 & -0.00672 & -0.048 & 0.0619 & 0.103 & 0.113 & -0.0659 & -0.106 & -0.117 & 0.252 & -0.186 & 0.17 & -0.0649 & 0.148 & 0.112 & -0.268 & -0.154 & 0.069 & -0.0246 & -0.163 & 0.0357 & 0.0015 & 0.0445 & 0.0483 & -0.242 & 0.0845 & 0.0936 & 0.162 & 0.00881 & -0.000859 & 0.0132 & -0.155 & 0.0334 & -0.224 & -0.0808 & -0.0462 & -0.111 & 0.273 & -0.132 & -0.0871 & -0.248 & 0.0269 & -0.14 & -0.0743 & -0.0829 & 0.0938 & 0.0665 & -0.271 & 0.115 & -0.0728 & -0.0316 & 0.257 & -0.119 & -0.0307 & 0.106 & -0.0474 & -0.234 & 0.0994 & 0.145 & 0.187 & -0.0478 & -0.3 & -0.114 & -0.154 & -0.0284 & -0.133 & -0.237 & -0.049 & 0.132 & 0.0224 & -0.0512 & 0.0907 & 0.131 & -0.0398 & 0.125 & -0.0278 & -0.0538 & -0.101 \\\\\n",
       "0.184 & 0.0444 & -0.0982 & -0.207 & 0.093 & 0.105 & 0.119 & 0.191 & 0.137 & 0.0297 & 0.0123 & 0.0627 & 1 & -0.124 & 0.0193 & -0.138 & -0.148 & -0.19 & 0.353 & -0.0417 & -0.161 & 0.285 & -0.0357 & 0.0783 & 0.0882 & -0.285 & 0.0564 & 0.194 & 0.0664 & -0.0762 & 0.0108 & 0.142 & -0.157 & -0.0633 & -0.107 & -0.191 & -0.197 & -0.175 & -0.124 & -0.0702 & 0.0194 & -0.255 & -0.0718 & 0.0671 & -0.236 & -0.0781 & 0.131 & 0.0737 & 0.0265 & 0.0696 & -0.0686 & -0.0122 & 0.0793 & -0.0478 & -0.153 & -0.0883 & -0.264 & -0.147 & 0.148 & -0.00148 & 0.385 & -0.0431 & -0.179 & 0.108 & -0.128 & -0.12 & -0.0305 & 0.24 & 0.102 & 0.0342 & -0.058 & -0.0601 & -0.173 & -0.0233 & -0.0968 & -0.175 & -0.164 & 0.0289 & -0.145 & -0.172 & 0.116 & 0.122 & 0.088 & 0.0788 & 0.104 & -0.0729 & -0.164 & -0.0598 & -0.0909 & 0.0166 & 0.198 & 0.0977 & -0.0901 & -0.0561 & 0.206 & 0.234 & -0.218 & -0.0824 & 0.0115 & 0.0668 \\\\\n",
       "-0.169 & 0.237 & -0.299 & -0.0944 & 0.172 & -0.119 & 0.392 & -0.0824 & -0.0695 & 0.0457 & -0.0321 & -0.0389 & -0.124 & 1 & 0.0877 & -0.193 & -0.0258 & 0.0682 & -0.05 & 0.14 & 0.114 & -0.0852 & -0.131 & 0.118 & 0.177 & -0.0282 & 0.284 & 0.0175 & -0.0439 & 0.113 & 0.423 & -0.00318 & 0.198 & 0.0701 & -0.194 & 0.00789 & -0.0632 & -0.211 & -0.0249 & -0.243 & -0.154 & -0.0663 & 0.0882 & 0.101 & -0.0749 & -0.275 & -0.0471 & 0.183 & 0.126 & 0.215 & 0.00124 & -0.075 & -0.206 & 0.199 & 0.0736 & -0.0842 & 0.0402 & -0.0892 & 0.00223 & 0.0112 & -0.112 & 0.155 & 0.0587 & -0.0961 & -0.0696 & 0.0706 & -0.0228 & -0.0493 & -0.0845 & 0.184 & -0.111 & -0.0199 & 0.187 & -0.138 & -0.182 & -0.225 & -0.00129 & -0.169 & 0.172 & 0.168 & -0.187 & -0.216 & 0.126 & 0.0138 & 0.0825 & 0.0884 & -0.125 & 0.109 & -0.155 & -0.164 & -0.143 & 0.045 & 0.133 & 0.165 & 0.00999 & 0.0839 & -0.088 & -0.0871 & -0.269 & 0.193 \\\\\n",
       "0.0398 & 0.0694 & -0.0402 & -0.0876 & 0.0814 & -0.0682 & -0.0174 & -0.0682 & -0.0188 & -0.0972 & 0.149 & -0.212 & 0.0193 & 0.0877 & 1 & -0.228 & 0.262 & 0.163 & 0.214 & 0.317 & 0.189 & -0.0737 & 0.0139 & -0.075 & 0.328 & 0.00225 & -0.00825 & 0.0281 & -0.0378 & -0.162 & 0.0364 & 0.0949 & -0.0218 & 0.0514 & 0.0944 & -0.236 & -0.0708 & 0.149 & -0.134 & -0.0503 & -0.0483 & 0.279 & 0.0445 & -0.176 & -0.197 & -0.151 & 0.0556 & -0.0395 & -0.113 & 0.169 & -0.000982 & 0.107 & -0.0594 & -0.106 & -0.00542 & -0.121 & -0.114 & -0.11 & -0.107 & -0.204 & 0.0876 & -0.0981 & 0.158 & -0.0337 & 0.0339 & 0.0215 & 0.0839 & 0.0344 & -0.0432 & 0.0602 & 0.00678 & -0.296 & -0.256 & -0.152 & -0.0847 & -0.0249 & 0.0476 & -0.163 & 0.0535 & -0.00918 & 0.0839 & 0.0254 & 0.0519 & 0.208 & 0.0763 & 0.0815 & 0.0654 & 0.219 & 0.0137 & 0.0619 & -0.0936 & -0.142 & 0.0613 & 0.156 & -0.0809 & 0.066 & -0.34 & 0.131 & -0.0294 & 0.0198 \\\\\n",
       "0.176 & -0.0792 & 0.121 & -0.0472 & -0.136 & -0.0281 & -0.234 & 0.0437 & -0.0101 & 0.249 & -0.103 & -0.106 & -0.138 & -0.193 & -0.228 & 1 & -0.0649 & -0.00967 & 0.0815 & -0.0779 & -0.168 & -0.0951 & 0.099 & 0.0385 & -0.0663 & 0.164 & -0.191 & -0.297 & 0.00769 & 0.0856 & 0.0403 & -0.109 & 0.106 & -0.345 & -0.00723 & 0.0708 & 0.0581 & 0.0416 & -0.0577 & 0.00679 & 0.142 & -0.156 & -0.287 & 0.0779 & 0.124 & 0.22 & 0.128 & 0.0923 & -0.252 & -0.196 & -0.0295 & 0.0486 & 0.132 & 0.169 & 0.0506 & 0.225 & 0.138 & -0.0067 & 0.0763 & -0.00599 & -0.328 & 0.0433 & -0.224 & 0.00395 & 0.217 & 0.142 & -0.036 & -0.126 & -0.081 & -0.0396 & 0.0761 & 0.0619 & 0.0923 & 0.0431 & 0.0974 & 0.226 & 0.161 & 0.177 & 0.000707 & -0.176 & 0.00677 & 0.0384 & 0.105 & -0.0296 & 0.0202 & -0.117 & 0.0548 & 0.0177 & 0.227 & 0.0473 & -0.155 & -0.125 & 0.13 & -0.1 & 0.00418 & 0.0154 & 0.129 & 0.136 & 0.373 & -0.00403 \\\\\n",
       "0.19 & 0.0267 & 0.185 & -0.0544 & 0.00454 & -0.0643 & 0.0361 & -0.0571 & -0.0968 & -0.153 & 0.0272 & -0.192 & -0.148 & -0.0258 & 0.262 & -0.0649 & 1 & 0.0871 & 0.0916 & 0.0828 & 0.0685 & -0.196 & 0.211 & -0.15 & 0.0807 & -0.101 & -0.226 & -0.0723 & 0.0199 & 0.00466 & -0.0714 & -0.256 & 0.198 & 0.0908 & -0.0642 & 0.0916 & -0.176 & 0.16 & 0.143 & 0.0896 & 0.0762 & 0.339 & -0.0697 & -0.218 & -0.0173 & 0.0268 & 0.0352 & -0.0369 & -0.11 & -0.0722 & -0.125 & 0.302 & 0.0183 & 0.0614 & -0.197 & -0.0763 & 0.232 & 0.0345 & -0.135 & -0.11 & 0.153 & -0.155 & 0.046 & 0.146 & 0.304 & 0.121 & -0.0519 & -0.0835 & -0.026 & 0.221 & 0.00219 & -0.00948 & 0.0327 & -0.0125 & -0.102 & -0.0604 & 0.0297 & -0.0258 & -0.12 & -0.0395 & 0.0347 & 0.141 & -0.011 & 0.0861 & -0.0265 & -0.0386 & -0.0957 & 0.23 & 0.188 & 0.0807 & 0.0328 & -0.143 & 0.176 & -0.0438 & -0.249 & -0.0795 & -0.105 & -0.0226 & 0.0351 & 0.0105 \\\\\n",
       "0.00253 & -0.0468 & -0.0899 & -0.0854 & 0.116 & 0.0542 & 0.0822 & -0.16 & -0.104 & -0.226 & 0.141 & -0.161 & -0.19 & 0.0682 & 0.163 & -0.00967 & 0.0871 & 1 & -0.176 & 0.216 & 0.0123 & -0.0801 & 0.11 & 0.0405 & 0.137 & 0.123 & 0.0765 & 0.0462 & 0.184 & 0.157 & -0.0332 & -0.104 & 0.0696 & 0.0548 & -0.162 & 0.121 & 0.0571 & 0.135 & -0.0145 & 0.0688 & -0.157 & 0.126 & -0.0804 & -0.165 & 0.0983 & 0.118 & -0.107 & -0.0937 & 0.132 & -0.136 & 0.0885 & -0.00517 & -0.00111 & 0.155 & -0.0379 & 0.187 & -0.144 & -0.09 & -0.284 & 0.0445 & -0.0313 & 0.00505 & 0.0308 & -0.0341 & 0.0843 & -0.00794 & 0.0311 & -0.0781 & -0.172 & 0.0682 & 0.2 & -0.00467 & -0.0467 & -0.157 & 0.0381 & -0.0938 & -0.00302 & -0.167 & 0.306 & 0.0306 & -0.0405 & -0.191 & 0.0621 & 0.165 & 0.0543 & -0.00289 & 0.0104 & 0.212 & 0.164 & -0.0688 & 0.0975 & 0.0465 & 0.0946 & 0.0549 & 0.0776 & -0.398 & 0.172 & 0.169 & -0.147 & 0.0267 \\\\\n",
       "0.0707 & 0.11 & -0.0176 & -0.0828 & -0.156 & 0.122 & -0.101 & 0.0161 & 0.23 & 0.141 & 0.0793 & 0.0217 & 0.353 & -0.05 & 0.214 & 0.0815 & 0.0916 & -0.176 & 1 & 0.0221 & 0.0419 & 0.0769 & 0.155 & 0.136 & 0.0423 & -0.14 & -0.101 & 0.0263 & -0.209 & -0.152 & 0.142 & 0.181 & 0.0709 & 0.0153 & 0.0825 & -0.15 & -0.0782 & 0.0975 & -0.0295 & -0.161 & 0.174 & -0.0965 & -0.0235 & -0.0589 & -0.0976 & -0.0977 & 0.164 & 0.16 & 0.061 & 0.00458 & -0.229 & 0.177 & 0.0717 & -0.122 & -0.113 & -0.0355 & -0.105 & 0.00751 & 0.0366 & 0.0327 & 0.119 & 0.0122 & -0.0488 & 0.149 & -0.0172 & 0.136 & -0.00612 & 0.0975 & 0.0043 & 0.0739 & -0.113 & -0.0965 & -0.192 & 0.137 & -0.195 & -0.186 & 0.0758 & 0.107 & -0.262 & -0.0891 & 0.00326 & 0.22 & 0.106 & 0.186 & -0.0576 & -0.127 & -0.144 & -0.00104 & 0.0704 & 0.128 & 0.0152 & -0.106 & 0.156 & 0.0233 & 0.0552 & 0.236 & -0.195 & 0.00851 & 0.0514 & 0.00961 \\\\\n",
       "0.0251 & -0.0643 & -0.189 & -0.107 & 0.275 & 0.111 & 0.179 & 0.0238 & 0.0418 & -0.105 & 0.246 & -0.0821 & -0.0417 & 0.14 & 0.317 & -0.0779 & 0.0828 & 0.216 & 0.0221 & 1 & 0.182 & -0.0744 & -0.0689 & 0.198 & -0.107 & -0.151 & -0.0286 & 0.0192 & 0.055 & -0.0522 & 0.0216 & 0.293 & 0.109 & -0.0981 & 0.124 & -0.171 & -0.0944 & 0.24 & -0.0513 & 0.0463 & 0.0782 & 0.151 & -0.21 & -0.226 & 0.028 & 0.129 & -0.03 & 0.0121 & 0.269 & 0.116 & 0.0969 & -0.106 & 0.0515 & 0.254 & -0.173 & 0.0181 & -0.0371 & -0.0818 & 0.0526 & -0.101 & -0.0191 & 0.326 & -0.111 & 0.0611 & 0.0468 & 0.0985 & -0.249 & 0.018 & -0.0718 & 0.138 & -0.119 & -0.126 & -0.004 & -0.0573 & 0.14 & -0.0523 & 0.12 & -0.144 & 0.0961 & 0.101 & 0.0906 & -0.122 & 0.171 & 0.104 & 0.0944 & -0.0345 & 0.0177 & -0.0287 & -0.0719 & -0.189 & 0.176 & -0.0468 & 0.0396 & 0.0428 & -0.131 & -0.186 & -0.0703 & -0.0256 & -0.0658 & 0.0644 \\\\\n",
       "-0.106 & 0.00439 & -0.188 & 0.111 & 0.084 & 0.26 & -0.00368 & -0.164 & -0.0327 & 0.0636 & 0.173 & 0.068 & -0.161 & 0.114 & 0.189 & -0.168 & 0.0685 & 0.0123 & 0.0419 & 0.182 & 1 & -0.098 & 0.0818 & 0.114 & -0.137 & -0.0533 & -0.0669 & 0.0618 & -0.043 & -0.268 & 0.126 & 0.106 & 0.206 & 0.101 & 0.215 & -0.03 & 0.0708 & 0.142 & 0.102 & -0.0536 & 0.0545 & 0.161 & -0.0213 & -0.073 & -0.0162 & 0.16 & -0.0443 & -0.0838 & 0.0928 & 0.229 & -0.0541 & -0.0876 & 0.114 & -0.0247 & -0.0215 & -0.123 & 0.068 & -0.0664 & 0.0186 & -0.136 & 0.126 & 0.29 & 0.00579 & -0.000925 & -0.0846 & -0.171 & -0.317 & -0.0584 & -0.106 & 0.00913 & -0.0804 & -0.0758 & -0.267 & -0.182 & 0.171 & -0.0888 & 0.219 & 0.0545 & 0.0658 & 0.024 & -0.0826 & -0.0668 & 0.168 & 0.0348 & -0.229 & 0.0314 & 0.0978 & -0.154 & -0.122 & 0.0423 & 0.148 & 0.159 & -0.0209 & 0.213 & -0.247 & -0.0387 & -0.238 & 0.0844 & -0.0572 & -0.0566 \\\\\n",
       "0.126 & 0.133 & -0.131 & 0.11 & 0.12 & 0.106 & -0.0515 & 0.138 & 0.111 & -0.254 & 0.0909 & 0.0401 & 0.285 & -0.0852 & -0.0737 & -0.0951 & -0.196 & -0.0801 & 0.0769 & -0.0744 & -0.098 & 1 & -0.109 & -0.0417 & -0.0676 & -0.0811 & 0.0863 & 0.344 & -0.0701 & 0.0189 & -0.075 & 0.113 & -0.0675 & -0.137 & 0.0317 & -0.214 & -0.148 & -0.198 & -0.0642 & 0.0444 & 0.103 & -0.236 & -0.0587 & 0.142 & 0.0969 & -0.254 & 0.091 & -0.0408 & 0.0525 & -0.127 & 0.231 & -0.164 & 0.00269 & -0.123 & 0.196 & -0.242 & 0.0103 & -0.137 & -0.114 & -0.2 & 0.36 & -0.14 & 0.0546 & 0.122 & -0.233 & -0.208 & 0.0123 & 0.329 & 0.127 & -0.0102 & -0.127 & 0.0204 & -0.0401 & 0.14 & 0.178 & -0.164 & -0.32 & 0.00162 & -0.136 & 0.0858 & 0.203 & 0.122 & -0.0217 & -0.0556 & 0.157 & 0.0513 & -0.0924 & 0.0314 & -0.0908 & -0.00135 & 0.102 & -0.176 & 0.0521 & -0.0347 & 0.193 & 0.15 & -0.292 & -0.0814 & -0.204 & 0.0847 \\\\\n",
       "0.0494 & -0.0551 & 0.176 & -0.328 & -0.11 & 0.0898 & -0.0972 & 0.0911 & -0.013 & -0.0654 & 0.142 & 0.0434 & -0.0357 & -0.131 & 0.0139 & 0.099 & 0.211 & 0.11 & 0.155 & -0.0689 & 0.0818 & -0.109 & 1 & 0.0337 & -0.221 & 0.135 & -0.158 & -0.143 & -0.00996 & 0.194 & 0.0744 & -0.0911 & -0.214 & 0.00776 & -0.104 & 0.0739 & 0.0299 & -0.0307 & -0.241 & 0.124 & 0.183 & 0.144 & -0.072 & -0.00758 & -0.0475 & 0.146 & 0.108 & 0.00676 & -0.0278 & -0.0261 & -0.129 & 0.185 & -0.25 & -0.11 & 0.00909 & -0.136 & 0.0681 & -0.0699 & -0.131 & -0.123 & 0.0883 & 0.00528 & -0.0509 & 0.201 & 0.00728 & -0.0406 & 0.114 & -0.00671 & 0.0369 & 0.0513 & 0.161 & -0.0803 & 0.0309 & 0.00938 & 0.0159 & -0.0866 & -0.183 & 0.106 & -0.00914 & -0.0133 & -0.0453 & 0.317 & -0.0215 & 0.129 & -0.00156 & 0.113 & 0.0536 & -0.1 & 0.124 & 0.137 & -0.163 & 0.105 & 0.0361 & -0.01 & 0.0102 & -0.0623 & 0.0404 & -0.0138 & -0.0491 & -0.0166 \\\\\n",
       "-0.069 & 0.242 & -0.147 & 0.0488 & 0.224 & 0.145 & -0.125 & 0.203 & 0.198 & 0.157 & 0.31 & -0.00672 & 0.0783 & 0.118 & -0.075 & 0.0385 & -0.15 & 0.0405 & 0.136 & 0.198 & 0.114 & -0.0417 & 0.0337 & 1 & -0.18 & -0.121 & -0.00699 & 0.0366 & 0.141 & -0.0922 & 0.0583 & 0.0937 & 0.194 & 0.0238 & 0.123 & -0.125 & -0.0461 & 0.228 & -0.036 & -0.0687 & 0.0803 & -0.134 & 0.0571 & -0.0353 & 0.0875 & 0.164 & -0.0142 & 0.0624 & 0.173 & 0.23 & -0.114 & -0.228 & 0.0303 & 0.0733 & -0.0227 & 0.146 & 0.137 & -0.0564 & 0.205 & 0.129 & -0.0275 & 0.28 & -0.0117 & 0.0291 & 0.0414 & -0.241 & -0.162 & 0.228 & 0.116 & -0.13 & -0.182 & 0.0229 & -0.183 & 0.0169 & 0.261 & -0.0583 & 0.0177 & 0.039 & 0.0376 & -0.0678 & -0.0293 & -0.0518 & 0.101 & 0.0631 & 0.0936 & -0.0398 & 0.0202 & -0.158 & -0.0384 & 0.133 & 0.229 & 0.078 & -0.0927 & -0.189 & 0.107 & -0.0378 & -0.14 & -0.124 & 0.0847 & -0.0835 \\\\\n",
       "0.112 & 0.155 & -0.0692 & -0.0466 & -0.0321 & -0.243 & 0.142 & -0.0821 & -0.201 & -0.0184 & -0.111 & -0.048 & 0.0882 & 0.177 & 0.328 & -0.0663 & 0.0807 & 0.137 & 0.0423 & -0.107 & -0.137 & -0.0676 & -0.221 & -0.18 & 1 & -0.0449 & 0.0875 & -0.0524 & -0.163 & -0.0301 & 0.0174 & -0.115 & -0.152 & -0.0417 & -0.0283 & -0.0859 & 0.0904 & -0.114 & 0.0582 & -8.45e-05 & -0.463 & -0.0107 & 0.191 & -0.166 & -0.383 & -0.282 & 0.0471 & 0.131 & -0.283 & -0.0385 & 0.151 & 0.157 & 0.0158 & 0.0558 & 0.0302 & 0.0146 & -0.122 & -0.0862 & -0.109 & -0.00209 & -0.201 & -0.209 & 0.0808 & -0.264 & 0.116 & 0.0773 & 0.193 & 0.0218 & 0.00966 & 0.0938 & 0.0762 & -0.147 & -0.168 & -0.273 & -0.311 & 0.0238 & 0.204 & -0.202 & 0.0569 & -0.0202 & 0.039 & 0.0197 & 0.167 & -0.0973 & -0.117 & 0.0499 & -0.267 & 0.304 & -0.0489 & -0.0671 & -0.306 & -0.0322 & 0.226 & 0.113 & -0.116 & 0.139 & 0.123 & 0.232 & -0.0512 & 0.194 \\\\\n",
       "-0.149 & -0.0658 & 0.176 & -0.0175 & -0.284 & -0.193 & -0.164 & 0.036 & -0.0535 & -0.00374 & -0.0814 & 0.0619 & -0.285 & -0.0282 & 0.00225 & 0.164 & -0.101 & 0.123 & -0.14 & -0.151 & -0.0533 & -0.0811 & 0.135 & -0.121 & -0.0449 & 1 & 0.0553 & -0.171 & -0.0211 & -0.0295 & -0.111 & -0.0504 & -0.0482 & -0.0402 & 0.02 & 0.0268 & 0.144 & 0.0245 & -0.0843 & 0.0705 & 0.124 & 0.0693 & -0.0919 & -0.0823 & 0.237 & 0.0841 & 0.00378 & -0.0361 & -0.17 & 0.00105 & -0.147 & -0.177 & -0.199 & -0.0896 & 0.0433 & 0.0417 & 0.0708 & 0.0958 & -0.113 & 0.0443 & -0.341 & -0.0144 & 0.0998 & -0.248 & 0.143 & 0.0421 & 0.404 & -0.25 & -0.17 & -0.185 & 0.02 & 0.15 & 0.261 & -0.0591 & -0.0129 & 0.0656 & 0.0154 & -0.0392 & 0.222 & 0.0792 & 0.0757 & 0.118 & -0.0441 & -0.0979 & -0.0352 & 0.155 & 0.379 & 0.205 & -0.106 & 0.0332 & -0.322 & 0.144 & 0.0642 & 0.126 & 0.0691 & 0.0308 & -0.0198 & 0.0915 & 0.0891 & -0.154 \\\\\n",
       "-0.188 & 0.11 & -0.166 & -0.035 & 0.187 & -0.229 & 0.135 & 0.0604 & 0.106 & -0.0254 & 0.0588 & 0.103 & 0.0564 & 0.284 & -0.00825 & -0.191 & -0.226 & 0.0765 & -0.101 & -0.0286 & -0.0669 & 0.0863 & -0.158 & -0.00699 & 0.0875 & 0.0553 & 1 & -0.0846 & 0.127 & 0.023 & 0.00831 & 0.0622 & 0.06 & -0.0284 & -0.132 & -0.0718 & 0.000915 & -0.212 & 0.128 & -0.0538 & -0.0707 & -0.146 & 0.116 & 0.197 & -0.109 & -0.132 & -0.179 & -0.207 & 0.242 & 0.0384 & -0.105 & -0.17 & -0.151 & -0.078 & 0.213 & -0.082 & -0.254 & -0.15 & 0.0109 & 0.0409 & -0.0609 & -0.147 & 0.0719 & -0.0588 & -0.0799 & -0.0848 & 0.0875 & -0.0567 & -0.0522 & 0.046 & -0.131 & 0.0569 & 0.189 & -0.159 & -0.122 & -0.0448 & -0.169 & 0.014 & 0.0668 & 0.148 & 0.061 & -0.126 & 0.0735 & -0.00258 & -0.113 & -0.0586 & -0.0189 & 0.0238 & -0.176 & -0.168 & -0.124 & 0.228 & -0.24 & -0.0276 & 0.118 & -0.0377 & -0.141 & -0.101 & -0.212 & 0.0494 \\\\\n",
       "0.163 & 0.152 & -0.228 & 0.179 & 0.108 & 0.242 & 0.0762 & -0.115 & 0.17 & -0.168 & 0.0296 & 0.113 & 0.194 & 0.0175 & 0.0281 & -0.297 & -0.0723 & 0.0462 & 0.0263 & 0.0192 & 0.0618 & 0.344 & -0.143 & 0.0366 & -0.0524 & -0.171 & -0.0846 & 1 & -0.0531 & -0.0404 & -0.14 & -0.00329 & -0.0531 & 0.0593 & 0.0508 & 0.0121 & 0.00394 & -0.113 & -0.0395 & 0.0268 & -0.119 & -0.0021 & -0.0415 & -0.0332 & 0.245 & -0.0591 & 0.0169 & -0.124 & 0.183 & 0.146 & 0.132 & -0.0874 & 0.0752 & -0.195 & 0.0433 & -0.142 & -0.0473 & 0.0538 & -0.224 & 0.00423 & 0.422 & 0.0243 & -0.0638 & 0.0316 & -0.306 & -0.2 & -0.104 & 0.469 & 0.0452 & 0.00965 & 0.218 & 0.0729 & -0.122 & 0.0659 & 0.0807 & -0.248 & -0.273 & -0.203 & -0.0263 & 0.101 & -0.104 & -0.0867 & -0.216 & -0.152 & 0.152 & -0.00454 & -0.0641 & -0.00689 & 0.0915 & 0.106 & 0.244 & -0.0719 & 0.047 & -0.159 & 0.197 & 0.0409 & -0.113 & -0.0186 & -0.247 & -0.0374 \\\\\n",
